1687864720627 29032.068729360355 0
1687864720627 25408.004937916437 0
1687864720628 22388.91134533912 0
1687864720629 19987.78568374762 0
1687864720630 17981.619980116557 0
1687864720630 16254.479190864542 0
1687864720631 14805.714408514135 0
1687864720632 13449.002995683702 0
1687864720632 12387.619440187125 0
1687864720633 11473.889468142654 0
1687864720634 10668.189802024224 0
1687864720635 9862.800785789117 0
1687864720635 8923.430374500445 0
1687864720636 8208.151084600755 0
1687864720637 7599.71407489931 0
1687864720637 7074.940645701835 0
1687864720638 6464.943271587795 0
1687864720639 6092.717450437763 0
1687864720640 5797.441768159203 0
1687864720640 5522.224909403411 0
1687864720641 5287.120676065185 0
1687864720642 5088.939436523495 0
1687864720642 4841.446698563197 0
1687864720643 4394.859283010873 0
1687864720644 4204.429938087434 0
1687864720645 3864.5927034647834 0
1687864720645 3740.2275346380143 0
1687864720646 3476.8088931116163 0
1687864720647 3287.8702531019308 0
1687864720647 3220.6606603577234 0
1687864720648 3140.4737029932 0
1687864720649 2986.90605875884 0
1687864720650 2913.0235753854226 0
1687864720650 2796.3706535734773 0
1687864720651 2729.139688545809 0
1687864720652 2679.7104100341726 0
1687864720652 2600.90524027362 0
1687864720653 2544.8065916628702 0
1687864720654 2506.5363491176095 0
1687864720655 2443.746686367599 0
1687864720655 2404.131930069071 0
1687864720656 2306.3915781410496 0
1687864720657 2250.788652808914 0
1687864720657 2213.7231289619804 0
1687864720658 2187.405070750186 0
1687864720659 2167.634399025393 0
1687864720660 2097.347267578716 0
1687864720660 2075.7486599870936 0
1687864720661 2043.3831197759764 0
1687864720662 2025.6457816231666 0
1687864720662 1968.4326540216282 0
1687864720663 1944.2373414481185 0
1687864720664 1929.2975418416943 0
1687864720665 1912.0108525684564 0
1687864720665 1868.9170789338148 0
1687864720666 1840.8921167470664 0
1687864720667 1825.8354872623322 0
1687864720667 1802.448375376574 0
1687864720668 1787.7223606602986 0
1687864720669 1769.524258435796 0
1687864720670 1758.2119392615075 0
1687864720670 1726.0562389523268 0
1687864720671 1714.360169957675 0
1687864720672 1704.9077438792383 0
1687864720672 1694.598801113743 0
1687864720673 1667.8805798978422 0
1687864720674 1661.2284939502713 0
1687864720675 1645.3460791494174 0
1687864720675 1628.5995192471332 0
1687864720676 1616.2882680806767 0
1687864720677 1605.677796558385 0
1687864720677 1585.3292273431198 0
1687864720678 1572.526217263021 0
1687864720679 1559.5858910765187 0
1687864720680 1548.2824009532274 0
1687864720680 1531.6262159970713 0
1687864720681 1517.9292447882467 0
1687864720682 1504.6835900964234 0
1687864720683 1496.6486275826674 0
1687864720683 1488.1524816084027 0
1687864720684 1474.977203156656 0
1687864720685 1467.4681751148764 0
1687864720685 1462.0587214919713 0
1687864720686 1453.8274981496963 0
1687864720687 1435.4482366490274 0
1687864720688 1427.7913870197501 0
1687864720688 1422.0383788416434 0
1687864720689 1403.6514480577803 0
1687864720690 1392.4681146788528 0
1687864720690 1384.2176627209183 0
1687864720691 1379.7326548913813 0
1687864720692 1378.731108274041 0
1687864720692 1369.6116107314456 0
1687864720693 1368.8165701605833 0
1687864720694 1357.0647599802787 0
1687864720695 1351.212408886482 0
1687864720695 1343.1394438016316 0
1687864720696 1338.602996427055 0
1687864720697 1331.9751855114093 0
1687864720697 1323.0108289045986 0
