1687864760796 33069.557953690746 0
1687864760796 32696.679562561418 0
1687864760797 32331.220148128225 0
1687864760798 31973.02716790855 0
1687864760798 31621.960955655726 0
1687864760799 31276.723911550816 0
1687864760800 30939.320451313528 0
1687864760801 30607.292922790715 0
1687864760801 30282.81908989421 0
1687864760802 29963.49263556092 0
1687864760803 29651.447468831124 0
1687864760803 29344.33309678112 0
1687864760804 29044.21987952086 0
1687864760805 28748.846882237554 0
1687864760805 28460.172711563864 0
1687864760806 28176.041044903955 0
1687864760807 27898.37007031788 0
1687864760808 27626.01860837607 0
1687864760808 27356.680251095797 0
1687864760809 27094.654989876464 0
1687864760810 26835.542661372343 0
1687864760811 26583.500996414736 0
1687864760811 26334.22166860862 0
1687864760812 26091.771331503693 0
1687864760813 25851.948582542966 0
1687864760813 25618.727132491502 0
1687864760814 25387.940381404434 0
1687864760815 25163.53232196421 0
1687864760815 24941.46575576035 0
1687864760816 24725.516177841895 0
1687864760817 24511.831674311397 0
1687864760818 24304.003455057227 0
1687864760819 24099.021603616307 0
1687864760819 23898.91147905544 0
1687864760820 23700.910162028766 0
1687864760821 23508.28493002641 0
1687864760821 23315.91241351431 0
1687864760822 23128.741548368154 0
1687864760823 22916.702988952988 0
1687864760823 22736.134124320084 0
1687864760824 22531.123459965675 0
1687864760825 22356.862893115213 0
1687864760825 22158.580448837678 0
1687864760826 21990.295646196944 0
1687864760827 21798.422857121383 0
1687864760827 21635.583773309547 0
1687864760828 21449.97195035058 0
1687864760829 21293.11460900865 0
1687864760830 21113.62363411593 0
1687864760830 20962.2647410092 0
1687864760831 20813.009132609946 0
1687864760832 20641.89445383821 0
1687864760832 20498.168365344794 0
1687864760833 20332.046418728547 0
1687864760834 20192.4188183941 0
1687864760834 20032.075475649726 0
1687864760835 19897.90171323741 0
1687864760836 19742.738427864537 0
1687864760836 19612.40757693809 0
1687864760837 19460.952066605845 0
1687864760838 19335.465045318604 0
1687864760838 19212.22131602693 0
1687864760839 19068.49717978689 0
1687864760840 18948.884943620345 0
1687864760840 18809.81204053355 0
1687864760841 18694.753368604743 0
1687864760842 18558.078813436845 0
1687864760842 18446.219604242677 0
1687864760843 18336.8036071911 0
1687864760844 18207.61127048603 0
1687864760844 18100.90653085492 0
1687864760845 17973.996768225104 0
1687864760846 17871.31385706724 0
1687864760847 17750.3066988249 0
1687864760847 17650.658662459624 0
1687864760848 17552.163351908603 0
1687864760849 17435.68549064507 0
1687864760849 17319.574822552826 0
1687864760850 17225.282230956345 0
1687864760851 17133.725723362724 0
1687864760851 17023.672686320708 0
1687864760852 16916.164838275956 0
1687864760853 16828.216880183903 0
1687864760853 16721.297456996916 0
1687864760854 16635.711099314296 0
1687864760855 16551.028897085143 0
1687864760855 16450.838273937832 0
1687864760856 16368.827737840647 0
1687864760857 16288.742799558782 0
1687864760857 16192.525786744643 0
1687864760858 16097.819961132407 0
1687864760859 16017.994300405346 0
1687864760859 15940.832840390021 0
1687864760860 15861.084313056825 0
1687864760861 15786.65592601794 0
1687864760862 15690.900215114294 0
1687864760862 15618.987627257278 0
1687864760863 15532.700197631975 0
1687864760864 15463.164505734952 0
1687864760864 15396.316489036584 0
