1687864697831 29817.631757711784 0
1687864697831 26847.25622874822 0
1687864697832 24427.704161674723 0
1687864697833 22442.433276753254 0
1687864697833 20516.08976409799 0
1687864697834 19130.7368243004 0
1687864697835 17755.344342524924 0
1687864697836 16782.61633733795 0
1687864697836 15943.408009933999 0
1687864697837 15103.33055947142 0
1687864697838 14052.871870568388 0
1687864697838 13300.392926114864 0
1687864697839 12723.724341991738 0
1687864697840 12074.53699517572 0
1687864697840 11373.41325947937 0
1687864697841 10801.100930943754 0
1687864697842 10266.13034955138 0
1687864697842 9756.553978872606 0
1687864697843 9286.534264838898 0
1687864697844 8939.237801908193 0
1687864697844 8712.702647974655 0
1687864697845 7995.6167220145935 0
1687864697846 7777.710556470368 0
1687864697846 7539.899497652181 0
1687864697847 7247.660009437461 0
1687864697848 6925.839417163601 0
1687864697849 6814.744572699148 0
1687864697849 6652.921495172184 0
1687864697850 6530.838556741095 0
1687864697851 6406.770172502276 0
1687864697852 6274.9360165524395 0
1687864697853 6207.516256559762 0
1687864697853 5900.955054103076 0
1687864697854 5845.722735017151 0
1687864697855 5625.072274509 0
1687864697855 5555.823963473559 0
1687864697856 5359.900923205306 0
1687864697857 5296.635866858459 0
1687864697857 5240.009399716045 0
1687864697858 5040.371302517532 0
1687864697859 5005.9936696212035 0
1687864697859 4846.53039108002 0
1687864697860 4729.535852806687 0
1687864697861 4688.021123286051 0
1687864697862 4648.765073360216 0
1687864697862 4506.021020555856 0
1687864697863 4390.039734226535 0
1687864697864 4331.886816406519 0
1687864697864 4297.04769500407 0
1687864697865 4275.019704535743 0
1687864697866 4178.485786794616 0
1687864697866 4146.77605892152 0
1687864697867 4102.831663684946 0
1687864697868 4075.84227572361 0
1687864697868 3958.403404077879 0
1687864697869 3917.663863116445 0
1687864697870 3893.511802244899 0
1687864697870 3854.397462146242 0
1687864697871 3821.5612912275456 0
1687864697872 3804.868071548265 0
1687864697872 3763.8550763974854 0
1687864697873 3747.0844400209094 0
1687864697874 3675.2863274186125 0
1687864697874 3598.8398764103385 0
1687864697875 3565.976952985896 0
1687864697876 3546.7106533712144 0
1687864697876 3510.2162656704595 0
1687864697877 3483.5843855601074 0
1687864697878 3467.232952717671 0
1687864697878 3443.2951938060037 0
1687864697879 3386.6202085184955 0
1687864697880 3353.4753626915494 0
1687864697880 3334.8979135325867 0
1687864697881 3326.1549131450906 0
1687864697882 3267.0423652410377 0
1687864697882 3247.986927471439 0
1687864697883 3197.624480805138 0
1687864697884 3160.0225974708856 0
1687864697884 3138.2579895457943 0
1687864697885 3123.6204015695303 0
1687864697886 3109.126908551163 0
1687864697887 3061.403443287305 0
1687864697887 3012.792364119924 0
1687864697888 2999.4693212233333 0
1687864697888 2982.4393909693076 0
1687864697889 2970.197922438996 0
1687864697890 2958.609830046365 0
1687864697891 2942.7207330100387 0
1687864697891 2936.1378488713276 0
1687864697892 2915.567884357476 0
1687864697892 2908.121988327878 0
1687864697893 2891.083718389547 0
1687864697894 2854.553481444033 0
1687864697895 2841.636195221834 0
1687864697895 2832.44200304797 0
1687864697896 2825.5683369215517 0
1687864697897 2816.4392597491874 0
1687864697897 2788.415995557263 0
1687864697898 2775.868982443154 0
1687864697899 2765.7447177101 0
