1687864739629 31327.88191606498 0
1687864739630 29412.177476265235 0
1687864739630 27696.106521715545 0
1687864739631 26127.47006893297 0
1687864739632 24665.10692151503 0
1687864739633 23309.152072112323 0
1687864739633 22085.04157212596 0
1687864739634 21023.321140673117 0
1687864739635 20028.932169378135 0
1687864739635 19119.21587312037 0
1687864739636 18283.92643822187 0
1687864739637 17528.990574823176 0
1687864739637 16844.479324997537 0
1687864739638 16219.815737958592 0
1687864739639 15638.007354339969 0
1687864739639 15094.328347911209 0
1687864739640 14570.760565309278 0
1687864739641 14125.539890367885 0
1687864739641 13647.353006947491 0
1687864739642 13246.716722142593 0
1687864739643 12837.301811045241 0
1687864739644 12487.607556709827 0
1687864739644 12190.212765035516 0
1687864739645 11721.427833333666 0
1687864739646 11299.900722252043 0
1687864739646 10915.96304679056 0
1687864739647 10568.574874196296 0
1687864739648 10022.18895417776 0
1687864739648 9729.205383206094 0
1687864739649 9410.28761796485 0
1687864739650 9139.425270349153 0
1687864739650 8911.90325738643 0
1687864739651 8673.915838455892 0
1687864739652 8463.535673568784 0
1687864739652 8300.681344916624 0
1687864739653 8103.000056706191 0
1687864739654 7871.723319896685 0
1687864739654 7702.585728399118 0
1687864739655 7498.346077294737 0
1687864739656 7258.618512770074 0
1687864739656 7040.122734542213 0
1687864739657 6840.332324546252 0
1687864739658 6648.464633665653 0
1687864739658 6474.384291475551 0
1687864739659 6208.165544112555 0
1687864739660 6119.197575515877 0
1687864739660 5970.207325915161 0
1687864739661 5694.4302751514015 0
1687864739662 5489.192799349015 0
1687864739662 5371.672622566733 0
1687864739663 5214.431225615011 0
1687864739664 5064.978672563822 0
1687864739664 4982.494663170568 0
1687864739665 4922.478676956735 0
1687864739666 4848.442303488585 0
1687864739667 4717.576936645961 0
1687864739667 4635.927236178123 0
1687864739668 4580.458308839669 0
1687864739669 4524.559374746471 0
1687864739669 4465.149331736479 0
1687864739670 4359.947073544553 0
1687864739671 4320.974747741868 0
1687864739671 4250.21327911579 0
1687864739672 4201.869174414092 0
1687864739673 4159.942185079953 0
1687864739673 4127.93109908256 0
1687864739674 4077.7540745775773 0
1687864739675 3995.7239361591423 0
1687864739675 3946.635536911566 0
1687864739676 3892.7411605483667 0
1687864739677 3850.6815736517706 0
1687864739677 3823.5498184583803 0
1687864739678 3737.944241576436 0
1687864739679 3675.513028479742 0
1687864739679 3653.7688026610494 0
1687864739680 3628.8792965972443 0
1687864739681 3566.5167688426213 0
1687864739681 3544.9489330527717 0
1687864739682 3498.4246644704763 0
1687864739683 3462.463602136974 0
1687864739683 3387.7120704275826 0
1687864739684 3368.992711744498 0
1687864739685 3343.7888015262374 0
1687864739685 3320.1452792199007 0
1687864739686 3294.578004959146 0
1687864739687 3276.076147045478 0
1687864739687 3252.2493983136715 0
1687864739688 3228.4083409626774 0
1687864739689 3211.192488270766 0
1687864739689 3191.291785051417 0
1687864739690 3139.5724854577925 0
1687864739691 3119.468431096013 0
1687864739691 3106.822887726614 0
1687864739692 3088.424054527011 0
1687864739693 3033.4952291754216 0
1687864739693 3004.14214004877 0
1687864739694 2992.6315897358636 0
1687864739695 2979.5486871668604 0
1687864739695 2940.1102315241887 0
1687864739696 2916.229881589793 0
