1687864771280 33016.87090916344 0
1687864771281 32592.34701134058 0
1687864771281 32176.268495737422 0
1687864771282 31768.454768255724 0
1687864771283 31368.753812925883 0
1687864771284 30976.947347115674 0
1687864771284 30597.003660123435 0
1687864771285 30220.35799943795 0
1687864771286 29855.070530793222 0
1687864771286 29492.897212126383 0
1687864771287 29137.97450408079 0
1687864771288 28793.519751576634 0
1687864771288 28452.114580017358 0
1687864771289 28120.976290578797 0
1687864771290 27792.746572426975 0
1687864771291 27470.93281913362 0
1687864771291 27158.65405727343 0
1687864771292 26849.1910060788 0
1687864771293 26548.943581643693 0
1687864771293 26239.932350525676 0
1687864771294 25937.000990338704 0
1687864771295 25642.484526734297 0
1687864771295 25351.210829788335 0
1687864771296 25074.51585990088 0
1687864771297 24794.076081928753 0
1687864771297 24519.18042558031 0
1687864771298 24247.68803331344 0
1687864771299 23979.3985037112 0
1687864771299 23716.383745676496 0
1687864771300 23460.42202825966 0
1687864771301 23207.630729820445 0
1687864771301 22970.50240250963 0
1687864771302 22727.023072262236 0
1687864771303 22488.413549908266 0
1687864771304 22256.141654641557 0
1687864771304 22026.623097078475 0
1687864771305 21811.32843177349 0
1687864771306 21590.315800255827 0
1687864771306 21383.134737290187 0
1687864771307 21175.922746631713 0
1687864771308 20976.398263934578 0
1687864771308 20775.3477325552 0
1687864771309 20579.335045436073 0
1687864771310 20385.699218543105 0
1687864771310 20191.640422744647 0
1687864771311 20007.816752897714 0
1687864771312 19825.75367832488 0
1687864771312 19643.90805625334 0
1687864771313 19463.704116062367 0
1687864771314 19288.61574032441 0
1687864771315 19119.57054343712 0
1687864771315 18957.08949115314 0
1687864771316 18791.461890394523 0
1687864771317 18627.043259807393 0
1687864771317 18462.842288473505 0
1687864771318 18308.598151356156 0
1687864771319 18150.348784114976 0
1687864771319 17997.60515961157 0
1687864771320 17853.05740804681 0
1687864771321 17709.70734573702 0
1687864771321 17563.769083645402 0
1687864771322 17421.401203467038 0
1687864771323 17283.538633080327 0
1687864771323 17146.850492090638 0
1687864771324 17012.393842955396 0
1687864771325 16867.618311541497 0
1687864771326 16737.187808466002 0
1687864771326 16609.669924265523 0
1687864771327 16491.89951492473 0
1687864771328 16363.664683425965 0
1687864771328 16241.787704193279 0
1687864771329 16126.081133699538 0
1687864771330 16002.385389409155 0
1687864771330 15882.78496262658 0
1687864771331 15768.98257856218 0
1687864771332 15659.568958519727 0
1687864771332 15543.83701848573 0
1687864771333 15434.47785861841 0
1687864771334 15333.230028472683 0
1687864771334 15227.7526708318 0
1687864771335 15119.207765312405 0
1687864771336 15017.312883369788 0
1687864771336 14921.872127706507 0
1687864771337 14823.59419587632 0
1687864771338 14721.937681164902 0
1687864771339 14628.909065312962 0
1687864771339 14530.615339540258 0
1687864771340 14438.922276709744 0
1687864771341 14335.619019581567 0
1687864771341 14248.842109877554 0
1687864771342 14156.534816056943 0
1687864771343 14066.79275614297 0
1687864771343 13969.75931969639 0
1687864771344 13883.03479865426 0
1687864771345 13796.372254050479 0
1687864771345 13712.63532898429 0
1687864771346 13622.156538341696 0
1687864771347 13546.041686334082 0
1687864771347 13458.833935800443 0
1687864771348 13372.299238867165 0
