1687864729246 31586.021958347013 0
1687864729246 29897.777289726448 0
1687864729247 28371.553079189784 0
1687864729248 26987.43090203319 0
1687864729248 25735.482469264993 0
1687864729249 24599.92303670977 0
1687864729250 23561.933914657227 0
1687864729250 22611.56388912986 0
1687864729251 21748.79898693247 0
1687864729252 20966.086124444904 0
1687864729253 20102.924439159367 0
1687864729253 19444.4723695086 0
1687864729254 18713.19420367039 0
1687864729255 18158.56962943357 0
1687864729255 17523.166676400513 0
1687864729256 17050.546393166573 0
1687864729257 16480.97130089634 0
1687864729257 15987.788496467585 0
1687864729258 15604.195259258644 0
1687864729259 15226.886176863389 0
1687864729259 14704.475977035829 0
1687864729260 14286.111799702976 0
1687864729261 13891.309058156417 0
1687864729261 13586.877052557018 0
1687864729262 13226.818652400243 0
1687864729263 12865.205610564804 0
1687864729263 12474.6702142887 0
1687864729264 12247.457160535334 0
1687864729265 12023.334503927708 0
1687864729265 11738.756017979702 0
1687864729266 11405.63144627984 0
1687864729267 11103.338454589415 0
1687864729267 10645.424307964005 0
1687864729268 10374.040265117077 0
1687864729269 9976.773428104145 0
1687864729269 9715.56873620485 0
1687864729270 9477.961069838808 0
1687864729271 9358.943144375846 0
1687864729271 9154.545059274764 0
1687864729272 8954.221930407135 0
1687864729273 8789.236247446597 0
1687864729273 8618.583699910037 0
1687864729274 8441.948187012267 0
1687864729275 8307.502313323597 0
1687864729275 8086.420032264057 0
1687864729276 7943.026799380048 0
1687864729277 7801.068210467901 0
1687864729278 7652.2605182448515 0
1687864729278 7575.175206260212 0
1687864729279 7470.871189128515 0
1687864729280 7361.5394945555045 0
1687864729280 7275.536299570014 0
1687864729281 7146.740497576121 0
1687864729282 7017.022855636139 0
1687864729282 6937.209498157587 0
1687864729283 6886.963171108179 0
1687864729284 6729.5828626259 0
1687864729284 6629.1918715896245 0
1687864729285 6576.261166916694 0
1687864729286 6437.37998625813 0
1687864729286 6381.008359780199 0
1687864729287 6322.236193082074 0
1687864729288 6159.550641711235 0
1687864729288 6115.090297489186 0
1687864729289 6071.456749745966 0
1687864729290 6003.412127882704 0
1687864729290 5861.099037068712 0
1687864729291 5775.250622426732 0
1687864729292 5739.281382252172 0
1687864729292 5612.124141799925 0
1687864729293 5583.719100519661 0
1687864729294 5551.010032266464 0
1687864729294 5457.603063386289 0
1687864729295 5419.848415933565 0
1687864729296 5324.199991309715 0
1687864729296 5295.214900119602 0
1687864729297 5264.39331344298 0
1687864729298 5226.989915576033 0
1687864729299 5126.5912467754 0
1687864729299 5099.822332175224 0
1687864729300 5014.250588964284 0
1687864729301 4988.493106342087 0
1687864729301 4898.869637483399 0
1687864729302 4860.458331010559 0
1687864729303 4837.495047486285 0
1687864729303 4815.994648459322 0
1687864729304 4793.382350350371 0
1687864729305 4713.888553897859 0
1687864729305 4693.448250232626 0
1687864729306 4619.815645231426 0
1687864729307 4568.642241475134 0
1687864729307 4549.024956409095 0
1687864729308 4525.153726401807 0
1687864729309 4492.210043673565 0
1687864729309 4476.458953566566 0
1687864729310 4459.786854047532 0
1687864729311 4438.259457401686 0
1687864729311 4365.231892591887 0
1687864729312 4337.016205751707 0
1687864729313 4317.275685818061 0
