1687864783505 32987.28056282656 0
1687864783506 32533.763854690926 0
1687864783507 32089.25042215823 0
1687864783507 31653.569444094883 0
1687864783508 31226.518145891027 0
1687864783509 30801.37993631258 0
1687864783509 30390.972528285183 0
1687864783510 29982.263866268084 0
1687864783511 29587.57586603597 0
1687864783511 29197.787296631348 0
1687864783512 28812.139719815834 0
1687864783513 28440.077441591515 0
1687864783514 28072.346455104627 0
1687864783514 27705.930099613197 0
1687864783515 27349.87485134263 0
1687864783516 27005.29008135749 0
1687864783516 26662.077501248255 0
1687864783517 26325.943334613974 0
1687864783518 25998.81005244976 0
1687864783518 25675.72809395646 0
1687864783519 25362.887912633872 0
1687864783520 25048.880393610263 0
1687864783520 24745.63115968893 0
1687864783521 24448.107616090405 0
1687864783522 24154.509683862165 0
1687864783523 23870.748890594798 0
1687864783523 23587.52161407013 0
1687864783524 23310.085164743334 0
1687864783525 23039.79478849523 0
1687864783525 22772.85383820172 0
1687864783526 22511.090155206122 0
1687864783527 22256.041140656318 0
1687864783527 22005.730250178705 0
1687864783528 21760.256223920034 0
1687864783529 21517.650021785263 0
1687864783529 21279.452470568016 0
1687864783530 21047.64198833397 0
1687864783531 20820.14900176881 0
1687864783532 20597.063485734983 0
1687864783532 20376.428665952535 0
1687864783533 20159.839632513227 0
1687864783534 19949.3175809037 0
1687864783534 19742.190942676993 0
1687864783535 19539.301782245875 0
1687864783536 19331.279897325632 0
1687864783536 19127.45112650787 0
1687864783537 18935.85755415109 0
1687864783538 18739.314552061744 0
1687864783539 18546.056853998794 0
1687864783539 18365.850662279845 0
1687864783540 18180.177872459935 0
1687864783541 18002.429859524273 0
1687864783541 17823.42331547377 0
1687864783542 17648.289961078783 0
1687864783543 17470.088402203288 0
1687864783543 17300.811131407903 0
1687864783544 17132.71462187904 0
1687864783545 16969.36091374074 0
1687864783545 16804.522177432802 0
1687864783546 16631.695260078253 0
1687864783547 16473.24176931448 0
1687864783547 16302.650962687465 0
1687864783548 16148.822768519853 0
1687864783549 15985.96523947206 0
1687864783550 15838.526237506245 0
1687864783550 15693.675956785819 0
1687864783551 15539.05131278707 0
1687864783552 15400.140694912547 0
1687864783552 15251.798610928949 0
1687864783553 15112.251802389159 0
1687864783554 14967.739622096015 0
1687864783554 14824.652540817026 0
1687864783555 14695.344964296968 0
1687864783556 14558.115607097165 0
1687864783556 14428.261028556017 0
1687864783557 14307.594623916344 0
1687864783558 14182.175290575842 0
1687864783558 14054.272263425253 0
1687864783559 13925.152445758067 0
1687864783560 13813.66892315726 0
1687864783561 13702.920785942608 0
1687864783561 13587.950571868632 0
1687864783562 13477.997151592142 0
1687864783563 13366.338355721315 0
1687864783563 13260.09293790054 0
1687864783564 13153.527751681062 0
1687864783565 13051.793883009928 0
1687864783565 12942.487393222968 0
1687864783566 12847.079601450976 0
1687864783567 12750.859603939187 0
1687864783567 12643.261590962164 0
1687864783568 12540.768158543056 0
1687864783569 12448.724659966212 0
1687864783569 12357.818132809532 0
1687864783570 12264.009227917662 0
1687864783571 12176.855408547359 0
1687864783571 12081.955411120094 0
1687864783572 11996.96711116602 0
1687864783573 11917.20622712121 0
1687864783573 11827.748718775601 0
