1687864751819 31182.904088535102 0
1687864751819 29103.85568204652 0
1687864751820 27270.66049796383 0
1687864751821 25547.751236820113 0
1687864751822 24027.860800590457 0
1687864751822 22624.50290794728 0
1687864751823 21341.852012812786 0
1687864751824 20198.95253071694 0
1687864751824 19159.090697963024 0
1687864751825 18174.381802197182 0
1687864751826 17305.485497558173 0
1687864751826 16488.03590244451 0
1687864751827 15653.517866412283 0
1687864751828 14954.967578159798 0
1687864751829 14293.614758023587 0
1687864751829 13677.787363938525 0
1687864751830 13093.984209940436 0
1687864751831 12603.68774574601 0
1687864751831 12149.08481044013 0
1687864751832 11670.92645054519 0
1687864751833 11290.345321619741 0
1687864751833 10880.305708060652 0
1687864751834 10406.07618349896 0
1687864751835 9916.4900186972 0
1687864751835 9475.725138891255 0
1687864751836 9071.01909758883 0
1687864751837 8647.766647870654 0
1687864751838 8309.469378840904 0
1687864751838 7982.191451601789 0
1687864751839 7731.627766742434 0
1687864751840 7455.106986595239 0
1687864751840 7221.880138660511 0
1687864751841 6906.773743020038 0
1687864751842 6707.1723340324215 0
1687864751843 6522.96592247194 0
1687864751843 6361.0987599965565 0
1687864751844 6067.606228594875 0
1687864751845 5914.988078594079 0
1687864751845 5785.156982893323 0
1687864751846 5624.756704742698 0
1687864751847 5481.701810401512 0
1687864751847 5342.510909974962 0
1687864751848 5077.870721864352 0
1687864751849 4838.2369007450225 0
1687864751850 4621.036620112775 0
1687864751850 4507.737838283116 0
1687864751851 4318.038320939677 0
1687864751852 4222.44915096416 0
1687864751852 4127.165704181404 0
1687864751853 4027.6719196454187 0
1687864751854 3958.1784953549018 0
1687864751854 3808.2749102976154 0
1687864751855 3729.5783129907377 0
1687864751856 3599.655585627823 0
1687864751856 3544.510080253295 0
1687864751857 3444.0463161253956 0
1687864751858 3389.631168642952 0
1687864751859 3303.4676753099566 0
1687864751859 3210.1249392832706 0
1687864751860 3137.3106566407328 0
1687864751861 3058.3360159467643 0
1687864751861 3020.018446029102 0
1687864751862 2975.6772149059566 0
1687864751863 2933.202612440084 0
1687864751863 2898.1053745290014 0
1687864751864 2865.0333039772117 0
1687864751865 2829.677874856256 0
1687864751865 2793.6383624767477 0
1687864751866 2766.246659708448 0
1687864751867 2705.165001407594 0
1687864751867 2682.646818849444 0
1687864751868 2624.2009256334295 0
1687864751869 2592.43352734655 0
1687864751870 2569.375199704801 0
1687864751870 2538.607576254977 0
1687864751871 2516.090741300308 0
1687864751872 2495.0185168140206 0
1687864751872 2476.7445121467326 0
1687864751873 2407.8734558141305 0
1687864751874 2392.8682385601455 0
1687864751874 2362.741601855873 0
1687864751875 2318.409964488711 0
1687864751876 2297.1134481991003 0
1687864751876 2265.1861847723035 0
1687864751877 2242.068292336262 0
1687864751878 2225.13702800339 0
1687864751878 2171.891792361524 0
1687864751879 2136.446205498615 0
1687864751880 2117.8566149050407 0
1687864751880 2102.4514533422876 0
1687864751881 2091.3208125589144 0
1687864751882 2076.3627442059296 0
1687864751883 2067.1903539728905 0
1687864751883 2025.1418433171084 0
1687864751884 2001.0902416529052 0
1687864751885 1991.54692357599 0
1687864751885 1979.816285006832 0
1687864751886 1960.5212606257523 0
1687864751887 1947.6782219588993 0
1687864751887 1935.4739435863012 0
