1687864708580 29314.58962403396 0
1687864708580 25987.186748065677 0
1687864708581 23137.674145563335 0
1687864708582 20802.645955509834 0
1687864708583 18924.015909769994 0
1687864708583 17281.171197330455 0
1687864708584 15955.898311886294 0
1687864708585 14890.410940623404 0
1687864708585 13888.592804145504 0
1687864708586 13111.596018782775 0
1687864708587 12370.270215352046 0
1687864708587 11476.39106703634 0
1687864708588 10535.864661406358 0
1687864708589 9475.404279355735 0
1687864708589 8972.125824211003 0
1687864708590 8517.900873803217 0
1687864708591 8108.650263251803 0
1687864708591 7708.3500701332305 0
1687864708592 7424.6085168078525 0
1687864708593 6975.839656606751 0
1687864708593 6271.808077851436 0
1687864708594 5957.522987158624 0
1687864708595 5433.4275198301375 0
1687864708595 5233.2657355874235 0
1687864708596 4954.803862343636 0
1687864708597 4681.116183734325 0
1687864708597 4579.533556451944 0
1687864708598 4457.525545311561 0
1687864708599 4341.824756207734 0
1687864708599 4185.502579277611 0
1687864708600 4089.1757803097435 0
1687864708601 4028.5775754473066 0
1687864708601 3902.5506596518626 0
1687864708602 3826.955113802053 0
1687864708603 3704.2438697934035 0
1687864708603 3660.2100755897695 0
1687864708604 3618.5272466515366 0
1687864708605 3482.2269667175588 0
1687864708605 3439.353464322362 0
1687864708606 3395.339883200607 0
1687864708607 3335.8885807895294 0
1687864708607 3230.3855065724515 0
1687864708608 3191.993578365247 0
1687864708609 3153.5810907588307 0
1687864708610 3034.863582100967 0
1687864708610 2983.5236713655595 0
1687864708611 2929.986625341729 0
1687864708612 2897.2777161458785 0
1687864708612 2875.7681501948778 0
1687864708613 2808.909469998713 0
1687864708614 2732.9716917779883 0
1687864708614 2709.2362677115184 0
1687864708615 2688.876629975348 0
1687864708616 2672.714956304605 0
1687864708616 2643.320412164774 0
1687864708617 2625.121409323212 0
1687864708618 2603.9473069151213 0
1687864708618 2542.587192349791 0
1687864708619 2517.431873977262 0
1687864708620 2503.1462963612403 0
1687864708620 2487.018504288415 0
1687864708621 2471.4294128228657 0
1687864708622 2439.9492483944496 0
1687864708622 2422.985596328989 0
1687864708623 2379.5791265829057 0
1687864708624 2363.5808119718185 0
1687864708624 2349.4645940784217 0
1687864708625 2299.5743485250755 0
1687864708626 2281.0350311878487 0
1687864708626 2243.258852525832 0
1687864708627 2231.117736397186 0
1687864708628 2219.4398746577353 0
1687864708628 2201.1591647550936 0
1687864708629 2188.998696812768 0
1687864708630 2168.9999860825155 0
1687864708630 2144.257673990361 0
1687864708631 2135.7990750561457 0
1687864708632 2111.2349432125175 0
1687864708632 2100.738410976296 0
1687864708633 2095.122628801208 0
1687864708634 2083.7928508388245 0
1687864708634 2067.6014668354433 0
1687864708635 2052.211348207721 0
1687864708636 2040.6558369329632 0
1687864708636 2025.9653993870827 0
1687864708637 2021.4463581550167 0
1687864708638 2006.8787159949543 0
1687864708638 1997.9904893058097 0
1687864708639 1986.9946507975135 0
1687864708640 1975.6017859541118 0
1687864708640 1968.1368348597284 0
1687864708641 1959.4056299727447 0
1687864708642 1943.4554059756576 0
1687864708643 1936.6413742023303 0
1687864708643 1918.4958226909596 0
1687864708644 1904.8346509986357 0
1687864708645 1890.4473216580488 0
1687864708645 1881.519412328786 0
1687864708646 1867.2253841220725 0
1687864708647 1861.1918035594454 0
